1-NumberOfGenerators = 5
2-NumberOfClients = 4
3-GeneratePgcAmount = 100
4-Cross_OverAmount = 10
5-MutationsAmount = 5
6-Generation_Amount = 10
7-Generator = [[0, 0, 0, 0, 0], [0, 0, 0, 0, 0], [0, 0, 0, 0, 0], [0, 0, 0, 0, 0], [0.0, 0.0, 0.0, 0.0, 0.0], [0.0, 0.0, 0.0, 0.0, 0.0], [0.0, 0.0, 0.0, 0.0, 0.0], [0, 0, 0, 0, 0], [0.0, 0.0, 0.0, 0.0, 0.0], [0.0, 0.0, 0.0, 0.0, 0.0], [0.0, 0.0, 0.0, 0.0, 0.0], [0, 0, 0, 0, 0], [0.0, 0.0, 0.0, 0.0, 0.0], [0.0, 0.0, 0.0, 0.0, 0.0], [0.0, 0.0, 0.0, 0.0, 0.0], [0, 0, 0, 0, 0], [0.0, 2.5, 0.0, 0.0, 0.0], [0.0, 5.0, 0.0, 0.0, 0.0], [0.0, 7.5, 0.0, 0.0, 0.0], [0, 10, 0, 0, 0], [0.0, 7.5, 0.0, 0.0, 0.0], [0.0, 5.0, 0.0, 0.0, 0.0], [0.0, 2.5, 0.0, 0.0, 0.0], [0, 0, 0, 0, 0], [0.0, 0.0, 0.0, 0.0, 0.0], [0.0, 0.0, 0.0, 0.0, 0.0], [0.0, 0.0, 0.0, 0.0, 0.0], [0, 0, 0, 0, 0], [10.0, 7.5, 5.0, 10.0, 2.5], [20.0, 15.0, 10.0, 20.0, 5.0], [30.0, 22.5, 15.0, 30.0, 7.5], [40, 30, 20, 40, 10], [35.0, 27.5, 17.5, 42.5, 12.5], [30.0, 25.0, 15.0, 45.0, 15.0], [25.0, 22.5, 12.5, 47.5, 17.5], [20, 20, 10, 50, 20], [25.0, 22.5, 30.0, 52.5, 32.5], [30.0, 25.0, 50.0, 55.0, 45.0], [35.0, 27.5, 70.0, 57.5, 57.5], [40, 30, 90, 60, 70], [62.5, 57.5, 97.5, 72.5, 82.5], [85.0, 85.0, 105.0, 85.0, 95.0], [107.5, 112.5, 112.5, 97.5, 107.5], [130, 140, 120, 110, 120], [120.0, 140.0, 127.5, 112.5, 122.5], [110.0, 140.0, 135.0, 115.0, 125.0], [100.0, 140.0, 142.5, 117.5, 127.5], [90, 140, 150, 120, 130], [105.0, 145.0, 142.5, 107.5, 137.5], [120.0, 150.0, 135.0, 95.0, 145.0], [135.0, 155.0, 127.5, 82.5, 152.5], [150, 160, 120, 70, 160], [150.0, 160.0, 122.5, 87.5, 152.5], [150.0, 160.0, 125.0, 105.0, 145.0], [150.0, 160.0, 127.5, 122.5, 137.5], [150, 160, 130, 140, 130], [130.0, 142.5, 137.5, 150.0, 140.0], [110.0, 125.0, 145.0, 160.0, 150.0], [90.0, 107.5, 152.5, 170.0, 160.0], [70, 90, 160, 180, 170], [75.0, 90.0, 140.0, 170.0, 142.5], [80.0, 90.0, 120.0, 160.0, 115.0], [85.0, 90.0, 100.0, 150.0, 87.5], [90, 90, 80, 140, 60], [92.5, 82.5, 77.5, 115.0, 57.5], [95.0, 75.0, 75.0, 90.0, 55.0], [97.5, 67.5, 72.5, 65.0, 52.5], [100, 60, 70, 40, 50], [90.0, 52.5, 55.0, 30.0, 45.0], [80.0, 45.0, 40.0, 20.0, 40.0], [70.0, 37.5, 25.0, 10.0, 35.0], [60, 30, 10, 0, 30], [50.0, 22.5, 7.5, 0.0, 22.5], [40.0, 15.0, 5.0, 0.0, 15.0], [30.0, 7.5, 2.5, 0.0, 7.5], [20, 0, 0, 0, 0], [15.0, 0.0, 0.0, 2.5, 0.0], [10.0, 0.0, 0.0, 5.0, 0.0], [5.0, 0.0, 0.0, 7.5, 0.0], [0, 0, 0, 10, 0], [0.0, 0.0, 0.0, 7.5, 0.0], [0.0, 0.0, 0.0, 5.0, 0.0], [0.0, 0.0, 0.0, 2.5, 0.0], [0, 0, 0, 0, 0], [0.0, 0.0, 0.0, 0.0, 0.0], [0.0, 0.0, 0.0, 0.0, 0.0], [0.0, 0.0, 0.0, 0.0, 0.0], [0, 0, 0, 0, 0], [0.0, 0.0, 0.0, 0.0, 2.5], [0.0, 0.0, 0.0, 0.0, 5.0], [0.0, 0.0, 0.0, 0.0, 7.5], [0, 0, 0, 0, 10], [0.0, 0.0, 0.0, 0.0, 7.5], [0.0, 0.0, 0.0, 0.0, 5.0], [0.0, 0.0, 0.0, 0.0, 2.5], [0, 0, 0, 0, 0]]
8-Client = [[1.9, 2.0, 1.8, 2.0], [2.0, 2.1, 2.2, 2.2], [2.0, 1.9, 2.0, 2.2], [1.8, 1.9, 2.0, 2.1], [2.0, 1.9, 1.9, 1.9], [2.2, 2.0, 2.1, 1.9], [2.1, 2.1, 2.1, 1.9], [2.0, 2.1, 2.0, 1.9], [2.1, 1.9, 2.1, 2.2], [2.1, 1.8, 2.2, 2.0], [1.8, 1.9, 2.0, 1.8], [1.9, 1.8, 2.2, 2.1], [1.9, 2.2, 1.9, 2.2], [1.8, 2.1, 2.2, 2.1], [2.1, 2.2, 2.1, 1.9], [2.2, 1.8, 1.8, 1.8], [1.8, 2.0, 2.0, 1.9], [2.1, 2.1, 2.2, 2.1], [1.9, 2.1, 2.2, 1.9], [2.0, 1.8, 2.2, 2.0], [2.1, 2.1, 1.8, 1.8], [2.0, 2.2, 1.9, 2.0], [2.1, 2.2, 2.2, 2.2], [2.9, 2.7, 3.2, 3.5], [3.5, 4.0, 4.5, 4.4], [4.1, 5.2, 5.3, 6.2], [4.5, 5.3, 7.4, 7.9], [5.6, 7.0, 7.4, 10.0], [6.7, 6.8, 8.8, 10.7], [7.1, 8.7, 9.5, 13.0], [6.7, 9.1, 12.5, 14.0], [8.8, 10.4, 12.1, 14.6], [8.0, 11.5, 13.4, 16.2], [10.0, 12.7, 14.1, 19.2], [10.6, 13.5, 16.3, 19.4], [10.3, 11.7, 15.8, 19.9], [9.0, 11.8, 14.7, 18.2], [11.1, 12.9, 15.7, 18.6], [10.7, 13.8, 15.8, 19.6], [9.3, 14.3, 16.3, 18.8], [9.2, 12.7, 15.4, 19.8], [9.9, 14.0, 16.8, 18.1], [9.2, 13.4, 14.7, 18.8], [10.7, 14.4, 14.6, 19.9], [11.1, 11.8, 16.5, 20.7], [10.5, 12.7, 14.4, 17.9], [10.8, 13.4, 17.3, 20.9], [10.1, 13.5, 16.5, 19.4], [9.1, 12.9, 15.7, 19.0], [9.9, 11.7, 16.3, 20.3], [9.9, 12.3, 16.2, 18.8], [9.4, 13.3, 15.2, 17.1], [10.9, 12.6, 17.8, 17.7], [9.0, 14.3, 16.5, 17.9], [10.5, 13.4, 15.4, 18.1], [9.6, 11.7, 15.0, 19.4], [9.1, 13.3, 16.3, 18.2], [10.5, 13.1, 17.0, 19.9], [10.7, 13.4, 15.2, 19.9], [10.1, 12.9, 15.5, 18.1], [10.2, 12.9, 15.0, 19.2], [9.2, 14.3, 15.5, 20.1], [9.3, 12.6, 16.2, 17.3], [9.6, 12.3, 14.4, 17.1], [9.8, 14.2, 17.4, 17.1], [9.7, 11.7, 15.7, 20.5], [9.5, 12.7, 15.4, 19.8], [8.8, 13.3, 16.0, 19.7], [9.1, 12.5, 13.1, 17.9], [9.3, 10.7, 14.3, 15.3], [8.8, 10.9, 12.2, 13.3], [7.3, 10.3, 11.9, 14.0], [7.1, 9.2, 9.9, 12.0], [6.3, 7.7, 9.8, 11.7], [6.7, 8.2, 8.1, 11.3], [6.0, 7.1, 7.7, 9.0], [5.2, 5.9, 6.8, 8.9], [4.4, 5.0, 7.0, 7.6], [3.6, 4.4, 5.6, 6.2], [3.3, 4.5, 4.7, 5.4], [2.9, 3.4, 3.5, 4.4], [2.2, 2.1, 2.0, 2.1], [2.2, 1.9, 2.2, 2.2], [2.0, 2.0, 1.8, 1.8], [2.2, 2.2, 1.9, 1.9], [2.1, 2.1, 2.1, 2.0], [2.0, 2.0, 2.1, 2.1], [2.2, 2.0, 2.0, 2.2], [2.1, 1.8, 2.0, 2.0], [1.8, 2.2, 2.2, 1.9], [1.9, 1.9, 1.9, 1.9], [2.2, 2.1, 1.8, 2.2], [2.0, 1.9, 2.1, 1.9], [1.8, 2.1, 1.9, 2.1], [2.1, 2.0, 2.1, 2.1], [2.2, 2.0, 1.8, 2.1]]
9-mean = 13
10-sigma = 2.5
11-Monthly_limit = [[213, 234, 271, 277], [236, 271, 278, 294], [260, 256, 242, 281], [237, 213, 268, 291], [280, 210, 237, 275]]
12-NumberOfLoad_Balance = 5